# hero
%YAML:1.0
---
W: 1280
H: 1024
PixelFormat: 0x0108000A
ExposureTime: 1000
Gain: 0 #10
Gamma: 1

K: !!opencv-matrix
   rows: 3
   cols: 3
   dt: d
   data:  [1.3030993443688110e+03, 0.,                     6.3950000000000000e+02, 
           0.,                     1.3030993443688110e+03, 5.1150000000000000e+02,
           0.,                     0.,                     1.                     ]

D: !!opencv-matrix
   rows: 1
   cols: 5
   dt: d
   data:  [-1.2262333218378572e-01, 3.1580931139457785e-01, 0., 0, -5.5612915468104240e-01]

C_translation:
   x: 0.15
   y: 0.0
   z: 0.0145

