<?xml version="1.0"?>
<opencv_storage>
<calibration_time>"Thu 21 Mar 2024 05:04:09 AM EDT"</calibration_time>
<nr_of_frames>25</nr_of_frames>
<image_width>1440</image_width>
<image_height>1080</image_height>
<board_width>8</board_width>
<board_height>11</board_height>
<square_size>2.9999999329447746e-02</square_size>
<fix_aspect_ratio>1.</fix_aspect_ratio>
<!-- flags: +fix_aspectRatio +fix_principal_point +zero_tangent_dist +fix_k4 +fix_k5 -->
<flags>6158</flags>
<fisheye_model>0</fisheye_model>
<camera_matrix type_id="opencv-matrix">
  <rows>3</rows>
  <cols>3</cols>
  <dt>d</dt>
  <data>
    1.2585069542225112e+03 0. 7.1950000000000000e+02 0.
    1.2585069542225112e+03 5.3950000000000000e+02 0. 0. 1.</data></camera_matrix>
<distortion_coefficients type_id="opencv-matrix">
  <rows>5</rows>
  <cols>1</cols>
  <dt>d</dt>
  <data>
    -1.2437971093230218e-01 1.8393134881091347e-01 0. 0.
    -2.2629571843784446e-01</data></distortion_coefficients>
<avg_reprojection_error>4.4384072607919517e-01</avg_reprojection_error>
<per_view_reprojection_errors type_id="opencv-matrix">
  <rows>25</rows>
  <cols>1</cols>
  <dt>f</dt>
  <data>
    2.37509042e-01 2.37139732e-01 3.37977052e-01 2.12081209e-01
    5.16801536e-01 2.68133551e-01 1.01300919e+00 2.05503389e-01
    9.38156009e-01 1.97990626e-01 5.05744219e-01 4.15763766e-01
    3.65483105e-01 2.95342416e-01 6.48730576e-01 3.26081574e-01
    2.57938355e-01 4.15166795e-01 2.40239277e-01 5.02941370e-01
    4.49481636e-01 3.04121941e-01 3.41208220e-01 3.64716381e-01
    2.36914605e-01</data></per_view_reprojection_errors>
<!-- a set of 6-tuples (rotation vector + translation vector) for each view -->
<extrinsic_parameters type_id="opencv-matrix">
  <rows>25</rows>
  <cols>6</cols>
  <dt>d</dt>
  <data>
    -4.5600381318010774e-01 1.9568476171895269e-01
    -7.0841575009476252e-03 1.1419862520204308e-03
    -1.1866781747048019e-01 6.6731666704527071e-01
    -3.6448364681211276e-01 2.4148255900084702e-02
    -1.9141994482155103e-01 -2.9746277090493874e-02
    -1.0850336331415955e-01 8.0505455258366176e-01
    5.9632162448484002e-02 1.6277834007489181e-01 1.8378619875977895e-01
    3.6558506093192528e-02 -2.0029641767748199e-01
    6.8664290190452582e-01 -4.9143647800699847e-01
    2.1647698362401160e-01 -5.3690669266410985e-03
    -2.1039163605521150e-02 -1.2068357286032338e-01
    7.6710367472546170e-01 3.8563358103686260e-02 2.5110003689483346e-01
    -3.6082871781199671e-01 -9.4016569950247333e-02
    -1.3052955755520801e-01 7.1538535348882215e-01
    -3.9583783900134717e-01 1.0692701519641598e-01
    -4.5484571282124291e-02 -1.4490578390762577e-02
    -7.7380622488200115e-02 7.3088275485843801e-01
    6.4824207397052325e-01 8.9378892419816613e-02
    -7.7446512894033107e-02 -4.7625641813940169e-02
    -1.7274225086217090e-01 6.7506357664572181e-01
    -4.1922856177106421e-01 5.0396494465700874e-02
    -1.7938672416908572e-01 -1.9284914554358545e-02
    -1.3645858558709745e-01 7.8701890877613756e-01
    -4.9349003389589813e-01 -9.5503103560529698e-02
    -1.7285611138950505e-01 -2.1823553217726144e-01
    -1.6370289206635660e-01 5.6644632147432383e-01
    -5.3687073232044158e-01 2.5051698461100896e-01
    1.0528801424326804e-01 -3.7242573658779715e-03
    -2.0081786461217696e-01 7.4610548452151393e-01
    -3.6655529177501822e-01 1.1125502154231250e-01
    -8.7883235566155807e-02 -1.2505132145490705e-01
    -1.3635572231652920e-01 5.7353408413216933e-01
    -5.1730409271141231e-01 2.4211682062522499e-02
    -5.3799660926832284e-02 -1.5050309637759019e-02
    -8.5549604448068209e-02 6.8116356577141057e-01
    -2.7291558252178655e-01 4.9829149695422424e-02
    -1.0938150592756904e-01 -1.1482030529057849e-01
    -1.5303763688610314e-01 7.0528554959345735e-01
    -4.8931830930508619e-01 -4.3935674470362923e-02
    -1.0817117826681709e-01 -1.1901253389654400e-02
    -1.1171366511773767e-01 7.8130248500113986e-01
    -3.2811891401132526e-01 -2.3091929609598039e-01
    -2.4665447310935631e-02 -9.7097242744240683e-02
    -1.4291379297499809e-01 6.5780325840495679e-01
    -4.0955288697788950e-01 1.0357592889534280e-01
    1.9440732092507056e-02 2.1015059055711622e-02
    -9.5366967051121673e-02 6.4695469737870226e-01
    -3.7139903421686399e-01 3.0835687590906863e-01
    1.4409753233431863e-02 -6.7510476609581496e-02
    -1.2856223722233837e-01 6.0405243572433476e-01
    -3.1756837479094674e-01 -2.3070054500602975e-02
    -8.1276469188289485e-02 -6.5970889053058313e-02
    -8.6954278902899293e-02 6.9542208632382474e-01
    -4.3876310216733688e-01 1.5607978857303598e-01
    7.4964486260802210e-02 2.5749001192869572e-02
    -1.8647296669322189e-01 6.9741210229605211e-01
    -3.1728188605758195e-01 -1.9430250782193126e-01
    -2.8036065306368808e-02 -5.1449898965043366e-02
    -1.3108340282489561e-01 6.9267135824873183e-01
    -3.6914388235060736e-01 -1.0400450782751787e-01
    9.9927074401060106e-03 -9.2028870028242472e-04
    -8.2631113857856972e-02 6.8827767452024102e-01
    -5.0511672317717715e-01 1.6164537787484237e-01
    -7.8707285157272266e-02 -7.7682059146826507e-02
    -1.1262171630224582e-01 7.1554131873448257e-01
    -4.3525081332326176e-01 -4.9729527988244505e-04
    1.1584074431312015e-02 -1.2233348075113934e-03
    -2.0036764782300104e-01 6.5130944945010938e-01
    -2.7727068298140495e-01 2.1708660392162057e-01
    -1.6281775909241797e-01 -7.9293113492206989e-03
    -1.1247648518200638e-01 6.1697200395757656e-01
    -3.9400407003353244e-01 1.3924210351039734e-01
    -8.0759280738576369e-02 -4.3313740235197663e-02
    -1.7642946124389658e-01 7.0277725792958390e-01</data></extrinsic_parameters>
