<?xml version="1.0"?>
<opencv_storage>
<calibration_time>"Wednesday, March 06, 2024 PM07:38:49"</calibration_time>
<nr_of_frames>16</nr_of_frames>
<image_width>1440</image_width>
<image_height>1080</image_height>
<board_width>11</board_width>
<board_height>8</board_height>
<square_size>2.9999999329447746e-02</square_size>
<fix_aspect_ratio>1.</fix_aspect_ratio>
<!-- flags: +fix_aspectRatio +fix_principal_point +zero_tangent_dist +fix_k4 +fix_k5 -->
<flags>6158</flags>
<fisheye_model>0</fisheye_model>
<camera_matrix type_id="opencv-matrix">
  <rows>3</rows>
  <cols>3</cols>
  <dt>d</dt>
  <data>
    1.7431351577770004e+03 0. 7.1950000000000000e+02 0.
    1.7431351577770004e+03 5.3950000000000000e+02 0. 0. 1.</data></camera_matrix>
<distortion_coefficients type_id="opencv-matrix">
  <rows>5</rows>
  <cols>1</cols>
  <dt>d</dt>
  <data>
    -4.2475377922787445e-02 -5.8272420015788112e-02 0. 0.
    1.3408844757190523e+00</data></distortion_coefficients>
<avg_reprojection_error>3.6638435862410262e-01</avg_reprojection_error>
<per_view_reprojection_errors type_id="opencv-matrix">
  <rows>16</rows>
  <cols>1</cols>
  <dt>f</dt>
  <data>
    3.29215884e-01 3.43644321e-01 4.69559491e-01 6.30211711e-01
    3.38277578e-01 1.68278888e-01 2.59553403e-01 4.00336742e-01
    1.57811299e-01 3.54719549e-01 3.60885918e-01 1.80826679e-01
    2.55685836e-01 2.86656052e-01 5.89515924e-01 3.52905601e-01</data></per_view_reprojection_errors>
<!-- a set of 6-tuples (rotation vector + translation vector) for each view -->
<extrinsic_parameters type_id="opencv-matrix">
  <rows>16</rows>
  <cols>6</cols>
  <dt>d</dt>
  <data>
    3.7388773290986838e-01 5.0806013311547542e-02 3.3774965719557404e-02
    -2.4656639727793500e-01 -1.7748105035175918e-01
    7.9330628764508637e-01 2.4310645975660339e-01 3.0434000464834216e-02
    1.2293331165289556e-02 -1.6911993601372891e-01
    -5.7028513109416319e-02 8.7708421435960815e-01
    3.1716167697148451e-01 -9.3731487170878855e-02
    1.5173137178299309e-01 -5.7242469752282976e-02
    -1.7392287001808907e-01 8.1306420907157284e-01
    4.7312869903660132e-01 5.2430242299599783e-01
    -1.9367756870199770e-01 -1.8413512623456471e-01
    -9.8723215552143861e-02 8.9757766664096417e-01
    3.7726859975872229e-01 -1.1085444750790570e-02
    8.3067267120668350e-02 -1.5199038158386788e-01
    -6.6370923849257127e-03 8.6429645040616887e-01
    4.8699724552308304e-01 -1.2700541633551105e-01
    -3.1275211876442482e-01 -2.3944431693539800e-01
    -2.7951350168034336e-02 8.3437274609831313e-01
    3.8401195818199590e-01 1.5097993371705434e-01
    -5.4284101049134983e-04 -2.8388298452285626e-01
    1.2148466889181172e-02 9.1982640560742868e-01 4.8465320286082181e-01
    1.8574729937067904e-02 -3.8369628636195258e-01
    -2.0885815424374421e-01 -5.4313827140749150e-02
    7.3625890496731594e-01 4.4376040590791288e-01
    -4.5974703793437327e-01 1.3193379158895733e-02
    -2.7785664410638324e-02 1.2268351832386178e-02
    8.0698376615424317e-01 4.5403704940530637e-01 1.2629595959002721e-01
    -1.4643501113578905e-01 -2.1397749028345617e-01
    -8.5355886342389581e-02 8.9125095558362932e-01
    6.8279726163356591e-01 -5.5410269277512726e-02
    -2.1211865154333768e-02 -2.0871271744678888e-01
    -1.8433770421159507e-01 8.1519725956217060e-01
    4.4631293372405195e-01 -5.6310675358941598e-01
    9.0971919635855921e-04 -2.3840937307433069e-01
    3.3211158677720773e-02 1.0140680286067536e+00 6.7950571137681115e-01
    -9.7435104962873258e-03 5.9167413642551972e-02
    -1.7828073327736535e-01 -2.5899935762429296e-02
    9.1287840119954422e-01 3.3011064001626739e-01
    -4.0925336081695263e-01 -2.5974563793182304e-02
    -1.6219666083969927e-01 -8.1459417562754433e-02
    5.9310957624888494e-01 6.1197063050708633e-01
    -9.0745967813565288e-03 1.3100181888929625e-02
    -1.6256550058041921e-01 -4.9918163310243319e-02
    5.9655612784908629e-01 2.0954313928456825e-01
    -2.4310495001982182e-01 1.7427355968015301e-01
    -1.0271041609748589e-01 -1.2707273965598040e-01
    7.3309129637004844e-01</data></extrinsic_parameters>
