<?xml version="1.0"?>
<opencv_storage>
<images>
images/sentry_right/wide_angle/Image_20240306180031106.bmp
images/sentry_right/wide_angle/Image_20240306180113040.bmp
images/sentry_right/wide_angle/Image_20240306180035511.bmp
images/sentry_right/wide_angle/Image_20240306180117413.bmp
images/sentry_right/wide_angle/Image_20240306180039094.bmp
images/sentry_right/wide_angle/Image_20240306180121462.bmp
images/sentry_right/wide_angle/Image_20240306180042257.bmp
images/sentry_right/wide_angle/Image_20240306180125742.bmp
images/sentry_right/wide_angle/Image_20240306180046715.bmp
images/sentry_right/wide_angle/Image_20240306180131613.bmp
images/sentry_right/wide_angle/Image_20240306180052336.bmp
images/sentry_right/wide_angle/Image_20240306180157104.bmp
images/sentry_right/wide_angle/Image_20240306180103923.bmp
images/sentry_right/wide_angle/Image_20240306180208504.bmp
images/sentry_right/wide_angle/Image_20240306180109213.bmp
images/sentry_right/wide_angle/Image_20240306180233878.bmp
</images>
</opencv_storage>
