<?xml version="1.0"?>
<opencv_storage>
<images>
images/sentry_left/Image_20240321044311959.bmp
images/sentry_left/Image_20240321044435549.bmp
images/sentry_left/Image_20240321044321461.bmp
images/sentry_left/Image_20240321044438986.bmp
images/sentry_left/Image_20240321044326843.bmp
images/sentry_left/Image_20240321044442127.bmp
images/sentry_left/Image_20240321044332139.bmp
images/sentry_left/Image_20240321044450265.bmp
images/sentry_left/Image_20240321044356070.bmp
images/sentry_left/Image_20240321044453133.bmp
images/sentry_left/Image_20240321044401404.bmp
images/sentry_left/Image_20240321044455807.bmp
images/sentry_left/Image_20240321044407312.bmp
images/sentry_left/Image_20240321044458097.bmp
images/sentry_left/Image_20240321044410519.bmp
images/sentry_left/Image_20240321044502102.bmp
images/sentry_left/Image_20240321044416060.bmp
images/sentry_left/Image_20240321044504880.bmp
images/sentry_left/Image_20240321044419715.bmp
images/sentry_left/Image_20240321044507388.bmp
images/sentry_left/Image_20240321044422343.bmp
images/sentry_left/Image_20240321044509797.bmp
images/sentry_left/Image_20240321044426302.bmp
images/sentry_left/Image_20240321044511879.bmp
images/sentry_left/Image_20240321044431424.bmp
images/sentry_left/Image_20240321044513977.bmp
</images>
</opencv_storage>
